*----0---><----1---><----2---><----3---><----4---><----5---><----6--->
MSH             -35.      -0.5       -5.       30.       0.5       35.
                 300         1       200        -1      DOSE  NBDoseXZ_ALL
*----0---><----1---><----2---><----3---><----4---><----5---><----6--->
MSH             -0.5      -35.       -5.       0.5       35.       35.
                   1       300       200        -1      DOSE  NBDoseYZ_ALL
*----0---><----1---><----2---><----3---><----4---><----5---><----6--->
MSH             -35.      -35.       0.0       30.       35.      0.95
                 300       300         1        -1      DOSE  NBDoseXY_ALL
*----0---><----1---><----2---><----3---><----4---><----5---><----6--->
MSH             -0.5      -0.5       0.0       0.5       0.5       15.
                   1         1       150        -1      DOSE  NBDoseDD_ALL
*----0---><----1---><----2---><----3---><----4---><----5---><----6--->
MSH             -0.5      -0.5       0.0       0.5       0.5       15.
                   1         1       150        -1     TLETG    NBTLET_ALL
*----0---><----1---><----2---><----3---><----4---><----5---><----6--->
MSH             -0.5      -0.5       0.0       0.5       0.5       15.
                   1         1       150        -1     DLETG    NBDLET_ALL
*----0---><----1---><----2---><----3---><----4---><----5---><----6--->
MSH             -0.5      -0.5     6.361       0.5       0.5     9.561
                   1         1         8        -1      DOSE NBDosePos_ALL
*----0---><----1---><----2---><----3---><----4---><----5---><----6--->
MSH             -0.5      -0.5     6.361       0.5       0.5     9.561
                   1         1         8        -1     TLETG NBTLETPos_ALL
*----0---><----1---><----2---><----3---><----4---><----5---><----6--->
MSH             -0.5      -0.5     6.361       0.5       0.5     9.561
                   1         1         8        -1     DLETG NBDLETPos_ALL
*----0---><----1---><----2---><----3---><----4---><----5---><----6--->
MSH             -0.5      -0.5       0.0       0.5       0.5       15.
                   1         1       150        02     DLETG    NBDLET_PROTON
*----0---><----1---><----2---><----3---><----4---><----5---><----6--->
MSH             -0.5      -0.5     6.361       0.5       0.5     9.561
                   1         1         8        02     DLETG NBDLETPos_PROTON
