0.005 0.145301 0.000646382
0.015 0.145754 0.000806965
0.025 0.145323 0.000582276
0.035 0.146361 0.000790734
0.045 0.145507 0.000602648
0.055 0.145325 0.000541768
0.065 0.145583 0.000584586
0.075 0.145534 0.000552412
0.085 0.145866 0.00069123
0.095 0.145713 0.000607199
0.105 0.146035 0.000698351
0.115 0.146543 0.000663748
0.125 0.145696 0.000592353
0.135 0.145968 0.000608994
0.145 0.146204 0.000647665
0.155 0.146381 0.000644788
0.165 0.146312 0.000594497
0.175 0.14684 0.000576436
0.185 0.146321 0.000592103
0.195 0.147057 0.000788952
0.205 0.146842 0.000664648
0.215 0.147087 0.000547697
0.225 0.147086 0.000570518
0.235 0.146456 0.000576957
0.245 0.147611 0.000694861
0.255 0.147017 0.000602204
0.265 0.147128 0.000601576
0.275 0.147215 0.000685935
0.285 0.147477 0.00058526
0.295 0.147545 0.000604784
0.305 0.148067 0.000602575
0.315 0.147555 0.000532548
0.325 0.14808 0.000635039
0.335 0.147984 0.000703704
0.345 0.147151 0.00052574
0.355 0.147192 0.000583202
0.365 0.147913 0.000634962
0.375 0.147321 0.000584413
0.385 0.148058 0.000677214
0.395 0.147365 0.000535017
0.405 0.146937 0.000458851
0.415 0.146968 0.000500195
0.425 0.146838 0.000489006
0.435 0.147756 0.000582764
0.445 0.14777 0.000564131
0.455 0.148258 0.000626284
0.465 0.147882 0.000535
0.475 0.147904 0.00050815
0.485 0.148063 0.000612984
0.495 0.148571 0.000544877
0.505 0.149035 0.0005739
0.515 0.149437 0.000659142
0.525 0.148829 0.000580236
0.535 0.149252 0.000667413
0.545 0.14921 0.000503095
0.555 0.148857 0.000545237
0.565 0.149445 0.000686118
0.575 0.149621 0.000608462
0.585 0.150035 0.000631054
0.595 0.150142 0.000607625
0.605 0.149796 0.00053915
0.615 0.150605 0.000635425
0.625 0.150614 0.00066941
0.635 0.150058 0.000512762
0.645 0.150793 0.000522013
0.655 0.152593 0.000700177
0.665 0.152533 0.000749407
0.675 0.152518 0.000567639
0.685 0.152188 0.000524048
0.695 0.151854 0.000494918
0.705 0.152217 0.000579793
0.715 0.152275 0.000601813
0.725 0.152203 0.00057929
0.735 0.152214 0.000597519
0.745 0.152471 0.000569427
0.755 0.152487 0.000632065
0.765 0.152918 0.000589604
0.775 0.153003 0.000682916
0.785 0.152705 0.00057807
0.795 0.15259 0.000688645
0.805 0.152499 0.00059343
0.815 0.152986 0.000661304
0.825 0.153046 0.000609982
0.835 0.152702 0.000610859
0.845 0.154154 0.000734057
0.855 0.152766 0.00056862
0.865 0.153316 0.000619147
0.875 0.153358 0.000641156
0.885 0.152962 0.000597176
0.895 0.153291 0.000623934
0.905 0.152762 0.000618955
0.915 0.153149 0.000652369
0.925 0.15312 0.000569568
0.935 0.153188 0.000592163
0.945 0.153691 0.000704351
0.955 0.161775 0.000558808
0.965 0.162848 0.00073821
0.975 0.162542 0.000668924
0.985 0.162827 0.000665503
0.995 0.162007 0.000614881
1.005 0.161194 0.000524318
1.015 0.161713 0.000593283
1.025 0.162187 0.000648887
1.035 0.162019 0.000608528
1.045 0.161729 0.000605597
1.055 0.161995 0.000621638
1.065 0.161529 0.000527732
1.075 0.161352 0.000526275
1.085 0.161941 0.000574196
1.095 0.162137 0.00065942
1.105 0.161455 0.000575973
1.115 0.163021 0.000675113
1.125 0.162188 0.000637587
1.135 0.162453 0.000699711
1.145 0.161692 0.000597488
1.155 0.162481 0.000685559
1.165 0.1622 0.000676255
1.175 0.162281 0.00064341
1.185 0.162585 0.000690415
1.195 0.16259 0.000722133
1.205 0.161476 0.000553112
1.215 0.162294 0.000586465
1.225 0.163435 0.000778238
1.235 0.162871 0.000717812
1.245 0.162424 0.00058762
1.255 0.161996 0.000666768
1.265 0.162074 0.000570533
1.275 0.162151 0.000685711
1.285 0.161803 0.000637865
1.295 0.162176 0.000647141
1.305 0.161511 0.000581942
1.315 0.161805 0.000603425
1.325 0.16154 0.000550807
1.335 0.16172 0.000614999
1.345 0.161429 0.000497769
1.355 0.161598 0.000498556
1.365 0.161753 0.000529881
1.375 0.162035 0.000678374
1.385 0.162085 0.000548104
1.395 0.162285 0.000632702
1.405 0.16307 0.000679399
1.415 0.162009 0.000554899
1.425 0.162376 0.000564519
1.435 0.161871 0.000518303
1.445 0.162198 0.000553987
1.455 0.162134 0.00056014
1.465 0.162061 0.000544863
1.475 0.162936 0.000617702
1.485 0.162857 0.000591006
1.495 0.162923 0.000583324
1.505 0.163794 0.000839961
1.515 0.163454 0.000595817
1.525 0.163711 0.000645264
1.535 0.164313 0.000694993
1.545 0.164384 0.000852661
1.555 0.164967 0.000698669
1.565 0.165454 0.000653626
1.575 0.165568 0.000684672
1.585 0.165832 0.000613005
1.595 0.16612 0.000680093
1.605 0.166419 0.00078127
1.615 0.166423 0.000690912
1.625 0.1668 0.000700718
1.635 0.16711 0.000593298
1.645 0.16747 0.00059716
1.655 0.167074 0.000547816
1.665 0.167544 0.000544728
1.675 0.167877 0.00061301
1.685 0.168979 0.000690572
1.695 0.167975 0.00056785
1.705 0.168836 0.000608612
1.715 0.168741 0.000619142
1.725 0.168685 0.000630787
1.735 0.168001 0.000593314
1.745 0.168968 0.000845807
1.755 0.168303 0.000604237
1.765 0.168101 0.000547914
1.775 0.168487 0.000649224
1.785 0.168826 0.000690628
1.795 0.168432 0.000596872
1.805 0.167778 0.000551871
1.815 0.168584 0.000673696
1.825 0.168962 0.000702939
1.835 0.168487 0.000528921
1.845 0.168033 0.000552192
1.855 0.169184 0.000679567
1.865 0.168741 0.000608914
1.875 0.16878 0.000557777
1.885 0.169573 0.000694997
1.895 0.17034 0.000788455
1.905 0.169551 0.000587817
1.915 0.16966 0.000664273
1.925 0.169415 0.000609523
1.935 0.169209 0.000557606
1.945 0.170244 0.000669777
1.955 0.169866 0.000646634
1.965 0.169921 0.0007396
1.975 0.169341 0.000531586
1.985 0.170488 0.000787725
1.995 0.169738 0.000599915
2.005 0.170512 0.000698801
2.015 0.169744 0.00050474
2.025 0.170008 0.000562341
2.035 0.170537 0.000549348
2.045 0.170275 0.000580443
2.055 0.171164 0.000686305
2.065 0.170887 0.000700556
2.075 0.170542 0.000634887
2.085 0.171051 0.000668687
2.095 0.170933 0.000661489
2.105 0.171531 0.00082327
2.115 0.171004 0.000705614
2.125 0.171493 0.00068155
2.135 0.170661 0.000496304
2.145 0.170961 0.000591999
2.155 0.171712 0.000653746
2.165 0.171531 0.000731524
2.175 0.171674 0.000685554
2.185 0.171645 0.00052706
2.195 0.17265 0.00065802
2.205 0.173113 0.00074717
2.215 0.173298 0.000669533
2.225 0.17356 0.00067884
2.235 0.173457 0.000598711
2.245 0.173249 0.000542448
2.255 0.174427 0.000710872
2.265 0.174567 0.000688167
2.275 0.174023 0.000467238
2.285 0.175149 0.000495843
2.295 0.174974 0.000626957
2.305 0.175907 0.000751342
2.315 0.174658 0.000540771
2.325 0.175069 0.000521529
2.335 0.175154 0.000515999
2.345 0.176097 0.000792483
2.355 0.175249 0.000615931
2.365 0.175347 0.00056052
2.375 0.17505 0.0006041
2.385 0.175419 0.000614082
2.395 0.175599 0.000695387
2.405 0.175618 0.000601896
2.415 0.176332 0.00069462
2.425 0.17565 0.000540972
2.435 0.177315 0.00065602
2.445 0.176557 0.000627606
2.455 0.176296 0.000557693
2.465 0.176564 0.00062639
2.475 0.177448 0.000828018
2.485 0.176179 0.000601912
2.495 0.177147 0.000694736
2.505 0.177229 0.000661055
2.515 0.177593 0.000684254
2.525 0.177038 0.000663802
2.535 0.176865 0.000556426
2.545 0.177452 0.000618178
2.555 0.177927 0.000668235
2.565 0.177356 0.000533265
2.575 0.177708 0.00053669
2.585 0.17761 0.000581183
2.595 0.177848 0.000590346
2.605 0.177149 0.000496694
2.615 0.177029 0.000495778
2.625 0.178866 0.000832472
2.635 0.178005 0.000618133
2.645 0.178565 0.000614967
2.655 0.178126 0.000510565
2.665 0.177787 0.000476941
2.675 0.178461 0.000581647
2.685 0.178778 0.000611242
2.695 0.178871 0.00058982
2.705 0.178698 0.000562225
2.715 0.179538 0.000679336
2.725 0.179561 0.000619724
2.735 0.180942 0.000740433
2.745 0.180791 0.000690426
2.755 0.180199 0.000631018
2.765 0.180167 0.000601303
2.775 0.180512 0.000597921
2.785 0.180974 0.000614172
2.795 0.181921 0.000684033
2.805 0.181534 0.000657236
2.815 0.181828 0.00060969
2.825 0.183008 0.000724857
2.835 0.182635 0.000723392
2.845 0.182802 0.000642217
2.855 0.182932 0.000622633
2.865 0.183395 0.000692572
2.875 0.18363 0.000687349
2.885 0.183931 0.000700513
2.895 0.183992 0.000795342
2.905 0.183464 0.000613388
2.915 0.183268 0.000630478
2.925 0.183883 0.000702159
2.935 0.184182 0.00076192
2.945 0.183387 0.000572816
2.955 0.184189 0.000648945
2.965 0.183588 0.000693634
2.975 0.184119 0.000679925
2.985 0.183926 0.000621749
2.995 0.184295 0.000557748
3.005 0.185 0.000671953
3.015 0.184201 0.000603363
3.025 0.185155 0.000650583
3.035 0.185148 0.000644598
3.045 0.184526 0.000558112
3.055 0.184631 0.000566416
3.065 0.185113 0.000662375
3.075 0.185493 0.000788028
3.085 0.185597 0.00075336
3.095 0.186097 0.000797216
3.105 0.185705 0.00068997
3.115 0.185527 0.000765865
3.125 0.185699 0.000684368
3.135 0.185423 0.00069736
3.145 0.185067 0.000608918
3.155 0.185531 0.000631041
3.165 0.185489 0.000660008
3.175 0.185338 0.000611
3.185 0.186159 0.000598635
3.195 0.186748 0.000632229
3.205 0.186989 0.000711312
3.215 0.187066 0.000746796
3.225 0.186504 0.000707995
3.235 0.1872 0.000625614
3.245 0.186321 0.000591199
3.255 0.186486 0.000560229
3.265 0.188037 0.000798506
3.275 0.188705 0.000875024
3.285 0.18734 0.000597817
3.295 0.188938 0.000748734
3.305 0.188966 0.000650258
3.315 0.189088 0.000669876
3.325 0.188936 0.000628481
3.335 0.189988 0.000653145
3.345 0.189976 0.000636153
3.355 0.190318 0.000645882
3.365 0.19106 0.000683214
3.375 0.190886 0.000742583
3.385 0.190533 0.000671109
3.395 0.191172 0.000636163
3.405 0.191461 0.00067988
3.415 0.192546 0.000891211
3.425 0.191577 0.00079999
3.435 0.191501 0.000781006
3.445 0.192509 0.000703713
3.455 0.191955 0.000585219
3.465 0.191617 0.00065587
3.475 0.191635 0.000645821
3.485 0.192272 0.000632555
3.495 0.193113 0.000710774
3.505 0.192804 0.000632131
3.515 0.192378 0.000642567
3.525 0.193404 0.000739827
3.535 0.193249 0.000698044
3.545 0.192796 0.000669959
3.555 0.192864 0.000595715
3.565 0.193502 0.000680371
3.575 0.193662 0.000715081
3.585 0.193935 0.000745338
3.595 0.192482 0.000567499
3.605 0.193381 0.000743357
3.615 0.193089 0.000574072
3.625 0.193894 0.000654813
3.635 0.194098 0.000596378
3.645 0.194638 0.000665145
3.655 0.193896 0.000617822
3.665 0.194365 0.000615827
3.675 0.195518 0.000766401
3.685 0.195075 0.000704948
3.695 0.195382 0.000714119
3.705 0.195525 0.000654701
3.715 0.195087 0.000546465
3.725 0.195678 0.000672532
3.735 0.196002 0.000646018
3.745 0.196585 0.000580289
3.755 0.196521 0.000563105
3.765 0.196875 0.000562165
3.775 0.19833 0.000795385
3.785 0.197376 0.000659134
3.795 0.198218 0.000692672
3.805 0.198304 0.000634452
3.815 0.198958 0.000761709
3.825 0.199583 0.000671738
3.835 0.199671 0.000692091
3.845 0.199564 0.00063016
3.855 0.200087 0.00067845
3.865 0.199993 0.000666716
3.875 0.200248 0.000658246
3.885 0.200581 0.000784774
3.895 0.201385 0.000696639
3.905 0.201154 0.000721619
3.915 0.20191 0.000748838
3.925 0.202247 0.000708793
3.935 0.202356 0.000731592
3.945 0.202259 0.000713258
3.955 0.201868 0.000621077
3.965 0.202879 0.00072166
3.975 0.202248 0.000674097
3.985 0.201917 0.000674496
3.995 0.201935 0.000617132
4.005 0.202147 0.000676803
4.015 0.201939 0.000603792
4.025 0.202709 0.000719105
4.035 0.203368 0.000757131
4.045 0.204537 0.000733722
4.055 0.203505 0.000647762
4.065 0.203658 0.000713339
4.075 0.203735 0.000669109
4.085 0.204295 0.000753867
4.095 0.204049 0.000749323
4.105 0.20449 0.0006757
4.115 0.204336 0.000594565
4.125 0.205051 0.000624054
4.135 0.205138 0.000656186
4.145 0.205061 0.000668623
4.155 0.205954 0.00076239
4.165 0.205567 0.000681877
4.175 0.207374 0.000896903
4.185 0.206897 0.000804674
4.195 0.207472 0.00075076
4.205 0.207512 0.000721643
4.215 0.207016 0.000669535
4.225 0.20741 0.000617668
4.235 0.208881 0.0007623
4.245 0.209472 0.000798081
4.255 0.208934 0.00068896
4.265 0.20907 0.000762744
4.275 0.210163 0.00071197
4.285 0.210731 0.000715216
4.295 0.210161 0.00062205
4.305 0.210544 0.00064153
4.315 0.210217 0.000670182
4.325 0.210864 0.000743598
4.335 0.211006 0.000754111
4.345 0.211963 0.000891642
4.355 0.211303 0.000720009
4.365 0.211823 0.000790508
4.375 0.212987 0.00100963
4.385 0.21234 0.000713087
4.395 0.213315 0.000786959
4.405 0.212463 0.000737033
4.415 0.213182 0.000847236
4.425 0.213333 0.00086866
4.435 0.213315 0.000820805
4.445 0.212662 0.000658142
4.455 0.213317 0.000749178
4.465 0.213832 0.000694074
4.475 0.214275 0.000744783
4.485 0.2143 0.000676013
4.495 0.214874 0.00072892
4.505 0.214895 0.000669224
4.515 0.215943 0.000849874
4.525 0.216268 0.000696844
4.535 0.216162 0.00072051
4.545 0.217131 0.000847893
4.555 0.2168 0.000662096
4.565 0.218088 0.000868633
4.575 0.218713 0.000866072
4.585 0.218846 0.000800776
4.595 0.219041 0.000876887
4.605 0.218451 0.000772068
4.615 0.219354 0.000765941
4.625 0.219183 0.000618444
4.635 0.220344 0.000727438
4.645 0.220542 0.000757042
4.655 0.220488 0.000733665
4.665 0.220567 0.000613817
4.675 0.221885 0.000792767
4.685 0.222277 0.000740486
4.695 0.222964 0.000790958
4.705 0.222692 0.000788638
4.715 0.223387 0.000688014
4.725 0.22342 0.00074592
4.735 0.223233 0.000668556
4.745 0.224039 0.000835445
4.755 0.224393 0.000699164
4.765 0.224925 0.000833752
4.775 0.224776 0.000660169
4.785 0.225101 0.000738384
4.795 0.225753 0.000834599
4.805 0.225402 0.000692884
4.815 0.225968 0.000710407
4.825 0.225588 0.000753034
4.835 0.22658 0.000774192
4.845 0.227288 0.000864252
4.855 0.226315 0.000667023
4.865 0.227727 0.000744168
4.875 0.227446 0.000683208
4.885 0.2279 0.000698005
4.895 0.228446 0.000718391
4.905 0.228187 0.000646869
4.915 0.228518 0.000651817
4.925 0.229654 0.000703382
4.935 0.229737 0.000699184
4.945 0.230454 0.000684624
4.955 0.230157 0.000698951
4.965 0.231383 0.000715841
4.975 0.231887 0.000703572
4.985 0.232813 0.000760336
4.995 0.232152 0.000737624
5.005 0.232261 0.000700429
5.015 0.233058 0.000681298
5.025 0.234158 0.000665778
5.035 0.234692 0.000817584
5.045 0.235003 0.000799688
5.055 0.235851 0.000759289
5.065 0.236365 0.000732136
5.075 0.235667 0.000741402
5.085 0.23623 0.000739196
5.095 0.236752 0.000691149
5.105 0.237061 0.000688614
5.115 0.237506 0.000752339
5.125 0.238031 0.000781943
5.135 0.239635 0.00089125
5.145 0.240206 0.000747143
5.155 0.240058 0.000692751
5.165 0.240834 0.000733079
5.175 0.240956 0.000681027
5.185 0.241013 0.000656646
5.195 0.241703 0.000708405
5.205 0.242007 0.00074461
5.215 0.24223 0.000700716
5.225 0.243155 0.000732311
5.235 0.244144 0.000813913
5.245 0.24429 0.000770193
5.255 0.244964 0.000709476
5.265 0.246401 0.00079824
5.275 0.247514 0.000865939
5.285 0.248204 0.000899728
5.295 0.24863 0.000815988
5.305 0.248692 0.000776009
5.315 0.250083 0.000751475
5.325 0.251371 0.0011068
5.335 0.251976 0.000882729
5.345 0.252553 0.000837802
5.355 0.252542 0.000781291
5.365 0.254338 0.000883292
5.375 0.254676 0.000785242
5.385 0.255232 0.00095732
5.395 0.255897 0.000861234
5.405 0.256692 0.000870431
5.415 0.257734 0.000751732
5.425 0.258341 0.000756268
5.435 0.258945 0.000821778
5.445 0.259788 0.000786903
5.455 0.260627 0.000741773
5.465 0.261257 0.000705412
5.475 0.26238 0.000800903
5.485 0.26283 0.000761026
5.495 0.263619 0.000815383
5.505 0.264957 0.000771389
5.515 0.266135 0.000872464
5.525 0.266783 0.000751712
5.535 0.267287 0.000759312
5.545 0.269371 0.000862486
5.555 0.269872 0.000816775
5.565 0.271671 0.000922625
5.575 0.271863 0.000891204
5.585 0.273073 0.000889992
5.595 0.274507 0.000850836
5.605 0.274344 0.000819645
5.615 0.27505 0.000802207
5.625 0.276602 0.000935398
5.635 0.276529 0.00083018
5.645 0.277193 0.000876239
5.655 0.278139 0.000937274
5.665 0.27812 0.000881901
5.675 0.278477 0.000939865
5.685 0.27849 0.000881552
5.695 0.279758 0.000934421
5.705 0.279435 0.000844858
5.715 0.279804 0.000867049
5.725 0.280518 0.00103018
5.735 0.279681 0.000859181
5.745 0.281291 0.000931153
5.755 0.282012 0.000908376
5.765 0.281199 0.000898203
5.775 0.281207 0.000939733
5.785 0.281113 0.000908337
5.795 0.281464 0.000927542
5.805 0.281085 0.000967039
5.815 0.281966 0.000985418
5.825 0.282178 0.00101139
5.835 0.282661 0.000977843
5.845 0.282555 0.00108149
5.855 0.281676 0.00092311
5.865 0.28189 0.000949513
5.875 0.281498 0.00093239
5.885 0.282251 0.000989252
5.895 0.281962 0.000910605
5.905 0.282651 0.000934237
5.915 0.281728 0.000936825
5.925 0.281309 0.00103006
5.935 0.281434 0.00105265
5.945 0.281131 0.000982831
5.955 0.281112 0.00094501
5.965 0.281052 0.000930549
5.975 0.280967 0.000929311
5.985 0.281533 0.00108459
5.995 0.281731 0.000943241
6.005 0.28261 0.000979596
6.015 0.282037 0.000891804
6.025 0.28197 0.00103172
6.035 0.280202 0.000906049
6.045 0.281476 0.000994703
6.055 0.282291 0.00105777
6.065 0.28215 0.001026
6.075 0.282569 0.00103165
6.085 0.282824 0.000972029
6.095 0.282711 0.000990916
6.105 0.282408 0.0010247
6.115 0.283016 0.00108949
6.125 0.283554 0.00105406
6.135 0.283197 0.000940858
6.145 0.282969 0.000884615
6.155 0.282751 0.000971102
6.165 0.283407 0.00103318
6.175 0.283236 0.000932706
6.185 0.283916 0.000979306
6.195 0.284781 0.000983468
6.205 0.285136 0.00104564
6.215 0.284099 0.00101086
6.225 0.28412 0.000986346
6.235 0.284844 0.000902865
6.245 0.284818 0.00104293
6.255 0.283834 0.000948591
6.265 0.286002 0.00106789
6.275 0.285256 0.00100434
6.285 0.284298 0.000977492
6.295 0.284028 0.000967071
6.305 0.28452 0.000896619
6.315 0.285969 0.00101425
6.325 0.285785 0.00107602
6.335 0.285772 0.00109344
6.345 0.286438 0.00110079
6.355 0.286884 0.00106264
6.365 0.286154 0.00111533
6.375 0.2861 0.000962046
6.385 0.286286 0.000962304
6.395 0.285898 0.000944042
6.405 0.285613 0.0009316
6.415 0.287029 0.00108108
6.425 0.286489 0.00103998
6.435 0.287014 0.00112127
6.445 0.28661 0.000976914
6.455 0.287386 0.00104246
6.465 0.286274 0.00097039
6.475 0.285194 0.000930699
6.485 0.28615 0.00106325
6.495 0.286024 0.000987182
6.505 0.286865 0.00101368
6.515 0.287268 0.000963439
6.525 0.287734 0.00100678
6.535 0.287871 0.00101087
6.545 0.286819 0.000946185
6.555 0.286514 0.00096802
6.565 0.286916 0.000961331
6.575 0.286543 0.000953579
6.585 0.286381 0.000949151
6.595 0.286823 0.000985561
6.605 0.287003 0.00109303
6.615 0.285979 0.000966148
6.625 0.286064 0.000815314
6.635 0.286038 0.000905091
6.645 0.287861 0.000934796
6.655 0.287605 0.0010086
6.665 0.286799 0.00108702
6.675 0.286356 0.000960732
6.685 0.28711 0.000911575
6.695 0.287699 0.00106943
6.705 0.286925 0.00105377
6.715 0.287203 0.000992201
6.725 0.287617 0.00105538
6.735 0.287036 0.00103502
6.745 0.286744 0.00099802
6.755 0.287191 0.000981366
6.765 0.287673 0.000992379
6.775 0.287518 0.00104415
6.785 0.28792 0.000952068
6.795 0.287605 0.00101634
6.805 0.287786 0.00111258
6.815 0.288551 0.00103225
6.825 0.288321 0.0010431
6.835 0.288841 0.001175
6.845 0.289282 0.00110472
6.855 0.290524 0.0011964
6.865 0.290448 0.00107151
6.875 0.28999 0.00107229
6.885 0.287856 0.00101619
6.895 0.28952 0.00128009
6.905 0.289259 0.001096
6.915 0.288588 0.00105432
6.925 0.288358 0.00112669
6.935 0.288172 0.00093414
6.945 0.288284 0.00100554
6.955 0.288178 0.00106071
6.965 0.288391 0.00106082
6.975 0.288701 0.00114621
6.985 0.289174 0.00101593
6.995 0.288618 0.00102895
7.005 0.288182 0.000995972
7.015 0.288529 0.00103028
7.025 0.28805 0.00108051
7.035 0.287976 0.00107184
7.045 0.28797 0.0010714
7.055 0.28894 0.00101085
7.065 0.289726 0.00101559
7.075 0.288549 0.000892526
7.085 0.290409 0.00109062
7.095 0.289113 0.00105984
7.105 0.289193 0.00112712
7.115 0.289309 0.00107097
7.125 0.289903 0.0010565
7.135 0.290387 0.00108435
7.145 0.29021 0.00105555
7.155 0.290621 0.00112551
7.165 0.290605 0.00111831
7.175 0.289864 0.00103039
7.185 0.289855 0.0010886
7.195 0.289583 0.000950182
7.205 0.289772 0.00100642
7.215 0.290401 0.00102791
7.225 0.2905 0.00104646
7.235 0.29122 0.00100306
7.245 0.291419 0.0010911
7.255 0.291301 0.000987764
7.265 0.291396 0.00100713
7.275 0.291716 0.00114848
7.285 0.291431 0.00107915
7.295 0.291248 0.000995425
7.305 0.291808 0.000941122
7.315 0.29172 0.000996869
7.325 0.291815 0.00113031
7.335 0.291079 0.00110705
7.345 0.290113 0.00100387
7.355 0.290529 0.00108117
7.365 0.291355 0.00107219
7.375 0.290085 0.0010006
7.385 0.290162 0.00104604
7.395 0.290516 0.00110802
7.405 0.28992 0.000973697
7.415 0.290281 0.000943015
7.425 0.290827 0.00105284
7.435 0.291477 0.0010268
7.445 0.292744 0.00107644
7.455 0.291601 0.00112457
7.465 0.292163 0.00120565
7.475 0.291873 0.00110066
7.485 0.291263 0.00105574
7.495 0.291789 0.00110983
7.505 0.291255 0.00108398
7.515 0.291341 0.00115691
7.525 0.292049 0.00114861
7.535 0.291402 0.00114654
7.545 0.29256 0.0011967
7.555 0.292489 0.00117878
7.565 0.292317 0.00118923
7.575 0.291168 0.0011067
7.585 0.291376 0.00107141
7.595 0.291729 0.00126743
7.605 0.291775 0.00112084
7.615 0.292034 0.00116722
7.625 0.291301 0.00113795
7.635 0.290723 0.00111374
7.645 0.289779 0.00108249
7.655 0.2896 0.000995329
7.665 0.289614 0.00109036
7.675 0.289532 0.00111327
7.685 0.290112 0.00106664
7.695 0.290015 0.00104608
7.705 0.289744 0.00114339
7.715 0.289367 0.00122558
7.725 0.289386 0.00117153
7.735 0.289248 0.0010342
7.745 0.289213 0.00109279
7.755 0.28934 0.00107398
7.765 0.290207 0.00100272
7.775 0.290262 0.00113006
7.785 0.289593 0.00112594
7.795 0.289219 0.00111579
7.805 0.290425 0.00122135
7.815 0.289705 0.00111404
7.825 0.288972 0.00107555
7.835 0.289272 0.00105268
7.845 0.290016 0.00102656
7.855 0.29033 0.00108876
7.865 0.290564 0.00112645
7.875 0.290148 0.00101186
7.885 0.290143 0.00112122
7.895 0.290402 0.00127133
7.905 0.290048 0.00126219
7.915 0.28976 0.00120823
7.925 0.28903 0.00111357
7.935 0.289232 0.00106545
7.945 0.28917 0.001067
7.955 0.289011 0.00108449
7.965 0.289674 0.00114425
7.975 0.28991 0.00108955
7.985 0.290331 0.00110773
7.995 0.289477 0.00109971
8.005 0.288716 0.00111023
8.015 0.28902 0.00105292
8.025 0.290353 0.00116334
8.035 0.290765 0.0011667
8.045 0.290539 0.00114356
8.055 0.290641 0.00113193
8.065 0.289936 0.00107512
8.075 0.290393 0.00108282
8.085 0.290758 0.00112672
8.095 0.290551 0.00113414
8.105 0.289834 0.000958758
8.115 0.290076 0.000972165
8.125 0.290703 0.00110004
8.135 0.290196 0.00110392
8.145 0.289677 0.00103243
8.155 0.289443 0.00105501
8.165 0.29047 0.00110109
8.175 0.289766 0.00109226
8.185 0.290555 0.00116691
8.195 0.290677 0.00106868
8.205 0.29079 0.00119302
8.215 0.290828 0.00108668
8.225 0.290746 0.00115654
8.235 0.290325 0.00114523
8.245 0.289988 0.00118398
8.255 0.291149 0.0012574
8.265 0.291222 0.00124017
8.275 0.290675 0.00127292
8.285 0.290805 0.00122634
8.295 0.290593 0.00123545
8.305 0.290815 0.00121445
8.315 0.291515 0.00124054
8.325 0.291382 0.00113673
8.335 0.291719 0.00125772
8.345 0.292041 0.00126268
8.355 0.291815 0.00123185
8.365 0.292481 0.00121422
8.375 0.292785 0.0012826
8.385 0.292269 0.00130598
8.395 0.292219 0.0013317
8.405 0.292272 0.00127018
8.415 0.291273 0.00113205
8.425 0.290192 0.0011151
8.435 0.290262 0.00119731
8.445 0.28854 0.00121227
8.455 0.287272 0.00128234
8.465 0.287981 0.00120627
8.475 0.287193 0.00122766
8.485 0.285858 0.00126947
8.495 0.285565 0.00143323
8.505 0.283841 0.00131982
8.515 0.281862 0.00130351
8.525 0.280346 0.00127469
8.535 0.277561 0.00125614
8.545 0.27379 0.00119729
8.555 0.271478 0.00107157
8.565 0.269237 0.00125025
8.575 0.26501 0.00125176
8.585 0.263656 0.00134624
8.595 0.258542 0.00140175
8.605 0.255316 0.00141822
8.615 0.253243 0.00137928
8.625 0.247912 0.00117393
8.635 0.241962 0.00133828
8.645 0.236536 0.00145751
8.655 0.231471 0.00127077
8.665 0.226299 0.00111722
8.675 0.22069 0.00119978
8.685 0.215445 0.00126625
8.695 0.209289 0.00118956
8.705 0.201878 0.00125851
8.715 0.195169 0.00125455
8.725 0.187375 0.00129114
8.735 0.180344 0.00124242
8.745 0.174141 0.00132149
8.755 0.165909 0.00128667
8.765 0.157827 0.00125276
8.775 0.151798 0.00113741
8.785 0.144918 0.00108757
8.795 0.137631 0.00116189
8.805 0.129036 0.0011174
8.815 0.122444 0.00116166
8.825 0.115729 0.00114374
8.835 0.108103 0.00108559
8.845 0.101823 0.00101641
8.855 0.0949503 0.000915369
8.865 0.0886462 0.000955169
8.875 0.0828497 0.000909081
8.885 0.0773984 0.000892375
8.895 0.071948 0.000784124
8.905 0.0661525 0.000854705
8.915 0.0602041 0.000792381
8.925 0.0555571 0.000738642
8.935 0.0511832 0.000699874
8.945 0.0471131 0.000780711
8.955 0.0426855 0.000789752
8.965 0.0378766 0.000682149
8.975 0.034919 0.000617647
8.985 0.0319595 0.000536859
8.995 0.0287308 0.000503076
9.005 0.0264796 0.00051509
9.015 0.0236401 0.000505844
9.025 0.0209625 0.000487053
9.035 0.0185162 0.00045666
9.045 0.016901 0.000404401
9.055 0.0144093 0.000366934
9.065 0.012622 0.000364366
9.075 0.0115642 0.000343704
9.085 0.0100784 0.000374312
9.095 0.00898319 0.0003048
9.105 0.00787109 0.000278928
9.115 0.00686732 0.00025875
9.125 0.00596504 0.000261253
9.135 0.00525259 0.000242432
9.145 0.00444014 0.000229214
9.155 0.00414269 0.000202423
9.165 0.00317714 0.000179448
9.175 0.00279609 0.000166601
9.185 0.0024723 0.000214907
9.195 0.00185769 0.000143328
9.205 0.00158598 0.000128715
9.215 0.00137745 0.000115831
9.225 0.00118899 9.95232e-05
9.235 0.00126185 0.000157064
9.245 0.00105038 0.00011435
9.255 0.000763367 8.54037e-05
9.265 0.000785032 9.2502e-05
9.275 0.000586778 8.17343e-05
9.285 0.000540205 7.63094e-05
9.295 0.000455183 6.876e-05
9.305 0.000383442 6.16726e-05
9.315 0.000410011 9.71756e-05
9.325 0.000390481 8.93142e-05
9.335 0.000357304 8.44595e-05
9.345 0.000314011 5.67874e-05
9.355 0.000241545 4.17451e-05
9.365 0.000368149 0.00010285
9.375 0.000362484 8.54235e-05
9.385 0.00025382 4.57783e-05
9.395 0.000299241 6.67254e-05
9.405 0.000254862 4.99529e-05
9.415 0.000210997 3.9186e-05
9.425 0.000197006 3.69425e-05
9.435 0.000190724 3.28152e-05
9.445 0.00017776 3.03695e-05
9.455 0.000195895 3.48538e-05
9.465 0.000288747 9.5713e-05
9.475 0.000244957 5.72176e-05
9.485 0.000269179 6.2123e-05
9.495 0.000199602 3.52045e-05
9.505 0.000181851 3.16408e-05
9.515 0.000208119 4.1206e-05
9.525 0.000198626 3.4267e-05
9.535 0.000181483 2.82059e-05
9.545 0.000246175 4.6874e-05
9.555 0.000226158 3.83261e-05
9.565 0.000223188 4.1808e-05
9.575 0.00021731 4.12166e-05
9.585 0.000198147 3.59385e-05
9.595 0.000223309 4.76619e-05
9.605 0.000337042 9.86037e-05
9.615 0.000232688 4.65141e-05
9.625 0.000237049 5.11556e-05
9.635 0.000203585 3.81419e-05
9.645 0.000205235 3.70924e-05
9.655 0.000201117 3.0619e-05
9.665 0.000243225 4.66966e-05
9.675 0.000289788 6.01002e-05
9.685 0.000227778 4.2745e-05
9.695 0.000232732 3.9287e-05
9.705 0.000238548 4.12026e-05
9.715 0.000244592 3.98767e-05
9.725 0.000280445 4.88415e-05
9.735 0.000299034 5.30125e-05
9.745 0.000223264 3.9951e-05
9.755 0.000258955 6e-05
9.765 0.000237685 4.36135e-05
9.775 0.000288737 9.00738e-05
9.785 0.000237456 4.23688e-05
9.795 0.00026643 5.33098e-05
9.805 0.000215371 4.42561e-05
9.815 0.000204604 3.85353e-05
9.825 0.000418042 0.00020685
9.835 0.000234181 5.84758e-05
9.845 0.00024184 7.77353e-05
9.855 0.00017721 3.9076e-05
9.865 0.000204279 5.06888e-05
9.875 0.000166997 3.45267e-05
9.885 0.000245065 8.79109e-05
9.895 0.000171567 3.09983e-05
9.905 0.000280913 9.66344e-05
9.915 0.000225485 4.84519e-05
9.925 0.000218998 6.18133e-05
9.935 0.000160237 3.48632e-05
9.945 0.000170019 3.7353e-05
9.955 0.000245524 8.58137e-05
9.965 0.00034152 0.000115407
9.975 0.000266904 7.726e-05
9.985 0.000188648 3.43766e-05
9.995 0.000200625 4.01359e-05
